              precision    recall  f1-score   support

    airplane     0.7858    0.7190    0.7509      1000
  automobile     0.8824    0.9000    0.8911      1000
        bird     0.6199    0.6850    0.6508      1000
         cat     0.6909    0.4470    0.5428      1000
        deer     0.7563    0.6920    0.7227      1000
         dog     0.6067    0.7650    0.6767      1000
        frog     0.7657    0.8630    0.8115      1000
       horse     0.8651    0.7500    0.8034      1000
        ship     0.8817    0.8350    0.8577      1000
       truck     0.7517    0.8990    0.8188      1000

    accuracy                         0.7555     10000
   macro avg     0.7606    0.7555    0.7526     10000
weighted avg     0.7606    0.7555    0.7526     10000
